2664.00 2087.00 0.00
2008.00 1167.00 0.00
1376.00 2351.00 0.00
3129.00 2428.00 0.00
4415.00 4457.00 0.00
2790.00 652.00 0.00
1134.00 1815.00 0.00
1584.00 576.00 0.00
1125.00 591.00 0.00
2429.00 4251.00 0.00
2923.00 2908.00 0.00
350.00 405.00 0.00
1088.00 3543.00 0.00
1804.00 587.00 0.00
248.00 1517.00 0.00
3826.00 3088.00 0.00
692.00 3614.00 0.00
1915.00 699.00 0.00
1645.00 2225.00 0.00
2565.00 1983.00 0.00
4466.00 2962.00 0.00
1974.00 1983.00 0.00
2459.00 4451.00 0.00
1896.00 4287.00 0.00
1750.00 3774.00 0.00
3531.00 1795.00 0.00
2646.00 1414.00 0.00
4467.00 1901.00 0.00
3024.00 1810.00 0.00
3665.00 4076.00 0.00
2698.00 2683.00 0.00
567.00 2946.00 0.00
1531.00 4507.00 0.00
791.00 1136.00 0.00
3703.00 2251.00 0.00
1035.00 2461.00 0.00
3931.00 2477.00 0.00
3249.00 3691.00 0.00
3052.00 4283.00 0.00
529.00 1161.00 0.00
4006.00 4193.00 0.00
2441.00 2083.00 0.00
1617.00 1881.00 0.00
690.00 251.00 0.00
4507.00 2837.00 0.00
2554.00 2962.00 0.00
2566.00 4431.00 0.00
4226.00 2922.00 0.00
216.00 2668.00 0.00
2473.00 3185.00 0.00
3260.00 545.00 0.00
3793.00 696.00 0.00
956.00 2616.00 0.00
2586.00 602.00 0.00
1895.00 1683.00 0.00
4028.00 1407.00 0.00
3736.00 3209.00 0.00
3271.00 3883.00 0.00
995.00 2460.00 0.00
1278.00 1968.00 0.00
2431.00 584.00 0.00
3360.00 3306.00 0.00
281.00 4240.00 0.00
2629.00 252.00 0.00
1325.00 2725.00 0.00
1792.00 2561.00 0.00
527.00 2681.00 0.00
3724.00 7.00 0.00
4370.00 701.00 0.00
3093.00 335.00 0.00
3950.00 3151.00 0.00
3707.00 1822.00 0.00
298.00 2084.00 0.00
1988.00 528.00 0.00
353.00 938.00 0.00
1215.00 690.00 0.00
881.00 3670.00 0.00
2836.00 180.00 0.00
3795.00 273.00 0.00
1592.00 4509.00 0.00
4251.00 2232.00 0.00
1531.00 1354.00 0.00
2937.00 660.00 0.00
706.00 229.00 0.00
346.00 869.00 0.00
37.00 3591.00 0.00
2476.00 1212.00 0.00
2274.00 2168.00 0.00
574.00 2334.00 0.00
532.00 3783.00 0.00
802.00 3312.00 0.00
2261.00 1318.00 0.00
4004.00 41.00 0.00
2011.00 3378.00 0.00
748.00 1710.00 0.00
1344.00 1466.00 0.00
1730.00 4006.00 0.00
206.00 2815.00 0.00
534.00 166.00 0.00
3158.00 1716.00 0.00
409.00 4377.00 0.00
1605.00 3787.00 0.00
4201.00 1485.00 0.00
1160.00 897.00 0.00
2834.00 2054.00 0.00
2780.00 897.00 0.00
361.00 2562.00 0.00
820.00 2363.00 0.00
3618.00 3118.00 0.00
714.00 4174.00 0.00
1161.00 3170.00 0.00
4123.00 2982.00 0.00
2459.00 2686.00 0.00
4144.00 225.00 0.00
3668.00 4279.00 0.00
1882.00 2035.00 0.00
2611.00 2443.00 0.00
2565.00 2263.00 0.00
881.00 4168.00 0.00
4401.00 700.00 0.00
1378.00 358.00 0.00
3804.00 1763.00 0.00
704.00 2333.00 0.00
1710.00 1809.00 0.00
2780.00 1542.00 0.00
670.00 1711.00 0.00
875.00 2681.00 0.00
2091.00 704.00 0.00
3797.00 4375.00 0.00
3099.00 2459.00 0.00