2664.00 2087.00 0.00
2008.00 1167.00 0.00
1376.00 2351.00 0.00
3129.00 2428.00 0.00
4415.00 4457.00 0.00
2790.00 652.00 0.00
1134.00 1815.00 0.00
1584.00 576.00 0.00
1125.00 591.00 0.00
2429.00 4251.00 0.00
2923.00 2908.00 0.00
350.00 405.00 0.00
1088.00 3543.00 0.00
1804.00 587.00 0.00
248.00 1517.00 0.00
3826.00 3088.00 0.00
692.00 3614.00 0.00
1915.00 699.00 0.00
1645.00 2225.00 0.00
2565.00 1983.00 0.00
4466.00 2962.00 0.00
1974.00 1983.00 0.00
2459.00 4451.00 0.00
1896.00 4287.00 0.00
1750.00 3774.00 0.00
3531.00 1795.00 0.00
2646.00 1414.00 0.00
4467.00 1901.00 0.00
3024.00 1810.00 0.00
3665.00 4076.00 0.00
2698.00 2683.00 0.00
567.00 2946.00 0.00
1531.00 4507.00 0.00
791.00 1136.00 0.00
3703.00 2251.00 0.00
1035.00 2461.00 0.00
3931.00 2477.00 0.00
3249.00 3691.00 0.00
3052.00 4283.00 0.00
529.00 1161.00 0.00
4006.00 4193.00 0.00
2441.00 2083.00 0.00
1617.00 1881.00 0.00
690.00 251.00 0.00
4507.00 2837.00 0.00
2554.00 2962.00 0.00
2566.00 4431.00 0.00
4226.00 2922.00 0.00
216.00 2668.00 0.00
2473.00 3185.00 0.00
3260.00 545.00 0.00
3793.00 696.00 0.00
956.00 2616.00 0.00
2586.00 602.00 0.00
1895.00 1683.00 0.00
4028.00 1407.00 0.00
3736.00 3209.00 0.00
3271.00 3883.00 0.00
995.00 2460.00 0.00
1278.00 1968.00 0.00
2431.00 584.00 0.00
3360.00 3306.00 0.00
281.00 4240.00 0.00
2629.00 252.00 0.00
1325.00 2725.00 0.00
1792.00 2561.00 0.00
527.00 2681.00 0.00
3724.00 7.00 0.00
4370.00 701.00 0.00
3093.00 335.00 0.00
3950.00 3151.00 0.00
3707.00 1822.00 0.00
298.00 2084.00 0.00
1988.00 528.00 0.00
353.00 938.00 0.00
1215.00 690.00 0.00
881.00 3670.00 0.00
2836.00 180.00 0.00
3795.00 273.00 0.00
1592.00 4509.00 0.00
4251.00 2232.00 0.00
1531.00 1354.00 0.00
2937.00 660.00 0.00
706.00 229.00 0.00
346.00 869.00 0.00
37.00 3591.00 0.00
2476.00 1212.00 0.00
2274.00 2168.00 0.00
574.00 2334.00 0.00
532.00 3783.00 0.00
802.00 3312.00 0.00
2261.00 1318.00 0.00
4004.00 41.00 0.00
2011.00 3378.00 0.00
748.00 1710.00 0.00
1344.00 1466.00 0.00
1730.00 4006.00 0.00
206.00 2815.00 0.00
534.00 166.00 0.00
3158.00 1716.00 0.00
409.00 4377.00 0.00
1605.00 3787.00 0.00
4201.00 1485.00 0.00
1160.00 897.00 0.00
2834.00 2054.00 0.00
2780.00 897.00 0.00
361.00 2562.00 0.00
820.00 2363.00 0.00
3618.00 3118.00 0.00
714.00 4174.00 0.00
1161.00 3170.00 0.00
4123.00 2982.00 0.00
2459.00 2686.00 0.00
4144.00 225.00 0.00
3668.00 4279.00 0.00
1882.00 2035.00 0.00
2611.00 2443.00 0.00
2565.00 2263.00 0.00
881.00 4168.00 0.00
4401.00 700.00 0.00
1378.00 358.00 0.00
3804.00 1763.00 0.00
704.00 2333.00 0.00
1710.00 1809.00 0.00
2780.00 1542.00 0.00
670.00 1711.00 0.00
875.00 2681.00 0.00
2091.00 704.00 0.00
3797.00 4375.00 0.00
3099.00 2459.00 0.00
1685.00 3648.00 0.00
3152.00 174.00 0.00
1049.00 2647.00 0.00
4156.00 2054.00 0.00
3134.00 3371.00 0.00
2559.00 3698.00 0.00
2552.00 4037.00 0.00
4301.00 349.00 0.00
754.00 3324.00 0.00
3139.00 3115.00 0.00
741.00 404.00 0.00
680.00 961.00 0.00
2851.00 351.00 0.00
4436.00 3426.00 0.00
1036.00 1948.00 0.00
2406.00 2959.00 0.00
1639.00 1226.00 0.00
2519.00 1407.00 0.00
3437.00 3948.00 0.00
2773.00 1228.00 0.00
1261.00 88.00 0.00
1340.00 1266.00 0.00
3708.00 1364.00 0.00
3098.00 3107.00 0.00
3925.00 1624.00 0.00
3169.00 1945.00 0.00
1187.00 231.00 0.00
2254.00 2565.00 0.00
2536.00 1351.00 0.00
2674.00 698.00 0.00
2361.00 4283.00 0.00
1184.00 2320.00 0.00
2326.00 852.00 0.00
4507.00 1293.00 0.00
331.00 4249.00 0.00
2117.00 4329.00 0.00
40.00 99.00 0.00
2663.00 2468.00 0.00
1110.00 3612.00 0.00
3279.00 685.00 0.00
2616.00 3065.00 0.00
3862.00 2748.00 0.00
4237.00 2915.00 0.00
655.00 694.00 0.00
2346.00 3627.00 0.00
2301.00 2665.00 0.00
4571.00 221.00 0.00
2374.00 1974.00 0.00
3962.00 3866.00 0.00
2208.00 1220.00 0.00
1535.00 348.00 0.00
1912.00 3875.00 0.00
2712.00 2339.00 0.00
2861.00 1678.00 0.00
7.00 1577.00 0.00
2567.00 2056.00 0.00
4013.00 2010.00 0.00
1341.00 3280.00 0.00
2162.00 2911.00 0.00
2616.00 3425.00 0.00
3356.00 2357.00 0.00
2568.00 3713.00 0.00
3615.00 3131.00 0.00
3678.00 1697.00 0.00
4444.00 431.00 0.00
1629.00 2268.00 1.00
1250.00 1544.00 1.00
4150.00 1127.00 1.00
249.00 3959.00 1.00
3064.00 1948.00 1.00
655.00 3876.00 1.00
4290.00 2081.00 1.00
721.00 2890.00 1.00
2266.00 2914.00 1.00
801.00 1710.00 1.00
2558.00 2589.00 1.00
2307.00 2689.00 1.00
2661.00 3866.00 1.00
770.00 3691.00 1.00
2568.00 3142.00 1.00
4564.00 1106.00 1.00
3142.00 2310.00 1.00
3098.00 2407.00 1.00
2159.00 2245.00 1.00
709.00 120.00 1.00
810.00 2312.00 1.00
1436.00 211.00 1.00
344.00 2258.00 1.00
953.00 3715.00 1.00
1957.00 3766.00 1.00
173.00 3265.00 1.00
2505.00 1210.00 1.00
724.00 703.00 1.00
739.00 1388.00 1.00
3854.00 3425.00 1.00
802.00 532.00 1.00
2675.00 3040.00 1.00
1348.00 2319.00 1.00
3665.00 1893.00 1.00
2869.00 1586.00 1.00
63.00 3765.00 1.00
66.00 693.00 1.00
2344.00 3076.00 1.00
4321.00 1167.00 1.00
657.00 2040.00 1.00
1901.00 1707.00 1.00
1841.00 905.00 1.00
4173.00 1390.00 1.00
1584.00 4352.00 1.00
82.00 425.00 1.00
1883.00 2780.00 1.00
3786.00 1322.00 1.00
4461.00 167.00 1.00
4136.00 3937.00 1.00
3039.00 1901.00 1.00
1261.00 869.00 1.00
1827.00 2552.00 1.00
2120.00 3413.00 1.00
3700.00 2045.00 1.00
2266.00 2672.00 1.00
2550.00 422.00 1.00
1000.00 2551.00 1.00
3543.00 3229.00 1.00
4245.00 3315.00 1.00
1765.00 4371.00 1.00
3829.00 1972.00 1.00
1246.00 2041.00 1.00
1159.00 2106.00 1.00
3678.00 2937.00 1.00
3027.00 4153.00 1.00
3819.00 1949.00 1.00
675.00 4276.00 1.00
1962.00 461.00 1.00
3072.00 3670.00 1.00
55.00 1684.00 1.00
157.00 2749.00 1.00
2569.00 1733.00 1.00
2945.00 987.00 1.00
3680.00 2334.00 1.00
158.00 1753.00 1.00
3456.00 2118.00 1.00
219.00 4448.00 1.00
1975.00 1230.00 1.00
1120.00 2631.00 1.00
241.00 1341.00 1.00
2685.00 3958.00 1.00
3426.00 2237.00 1.00
333.00 361.00 1.00
4501.00 4353.00 1.00
792.00 780.00 1.00
4200.00 3739.00 1.00
3566.00 1705.00 1.00
2547.00 3386.00 1.00
158.00 1209.00 1.00
4114.00 352.00 1.00
4503.00 3138.00 1.00
1539.00 876.00 1.00
1987.00 3744.00 1.00
3686.00 1973.00 1.00
348.00 4127.00 1.00
2868.00 3665.00 1.00
1182.00 1290.00 1.00
630.00 1184.00 1.00
2038.00 3308.00 1.00
1123.00 2343.00 1.00
1874.00 1523.00 1.00
640.00 3871.00 1.00
3941.00 2564.00 1.00
1830.00 4246.00 1.00
2494.00 3071.00 1.00
2392.00 1276.00 1.00
1111.00 577.00 1.00
555.00 1931.00 1.00
791.00 3678.00 1.00
3266.00 2977.00 1.00
2959.00 1681.00 1.00
2814.00 1229.00 1.00
3251.00 2622.00 1.00
2140.00 3677.00 1.00
329.00 2567.00 1.00
1319.00 2203.00 1.00
3154.00 98.00 1.00
2357.00 1868.00 1.00
579.00 2758.00 1.00
2267.00 2277.00 1.00
903.00 3878.00 1.00
1551.00 2007.00 1.00
2739.00 2862.00 1.00
637.00 423.00 1.00
4139.00 4065.00 1.00
4200.00 590.00 1.00
3053.00 3773.00 1.00
4428.00 3175.00 1.00
4156.00 1533.00 1.00
2793.00 718.00 1.00
1600.00 985.00 1.00
1701.00 3923.00 1.00
705.00 3120.00 1.00
828.00 2806.00 1.00
2273.00 1535.00 1.00
1372.00 917.00 1.00
2887.00 1386.00 1.00
4470.00 643.00 1.00
353.00 1496.00 1.00
1291.00 4529.00 1.00
1890.00 1250.00 1.00
3966.00 1418.00 1.00
2039.00 2440.00 1.00
355.00 3453.00 1.00
2694.00 2453.00 1.00
201.00 2652.00 1.00
2917.00 381.00 1.00
817.00 2740.00 1.00
631.00 989.00 1.00
384.00 3680.00 1.00
721.00 708.00 1.00
2375.00 1804.00 1.00
2059.00 4321.00 1.00
3856.00 657.00 1.00
4368.00 3932.00 1.00
223.00 2339.00 1.00
724.00 2967.00 1.00
1692.00 2862.00 1.00
3795.00 2260.00 1.00
568.00 2919.00 1.00
2758.00 952.00 1.00
1672.00 1734.00 1.00
1381.00 3695.00 1.00
923.00 3118.00 1.00
4532.00 2410.00 1.00
1821.00 3049.00 1.00
4486.00 351.00 1.00
2041.00 2089.00 1.00
3039.00 998.00 1.00
2860.00 309.00 1.00
1926.00 3134.00 1.00
2813.00 345.00 1.00
3426.00 2262.00 1.00
254.00 3525.00 1.00
1974.00 3116.00 1.00
3684.00 4312.00 1.00
3468.00 3648.00 1.00
2254.00 3967.00 1.00
1155.00 3455.00 1.00
4004.00 659.00 1.00
1507.00 1482.00 1.00
3640.00 1015.00 1.00
3617.00 2064.00 1.00
4312.00 3100.00 1.00
4290.00 3373.00 1.00
3708.00 3784.00 1.00
815.00 3625.00 1.00
740.00 2246.00 1.00
3138.00 3969.00 1.00
2533.00 717.00 1.00
2079.00 4344.00 1.00
1155.00 400.00 1.00
375.00 2651.00 1.00
3052.00 2748.00 1.00
4282.00 2860.00 1.00
33.00 2862.00 1.00
2352.00 2608.00 1.00
1690.00 4370.00 1.00
2767.00 3003.00 1.00
3386.00 3276.00 1.00
1991.00 3826.00 1.00
951.00 926.00 1.00
1977.00 2475.00 2.00
1712.00 3946.00 2.00
1618.00 3386.00 2.00
717.00 533.00 2.00
4199.00 224.00 2.00
3554.00 690.00 2.00
2328.00 4312.00 2.00
2387.00 3299.00 2.00
3761.00 4506.00 2.00
3805.00 4128.00 2.00
3678.00 1702.00 2.00
2655.00 225.00 2.00
2611.00 4569.00 2.00
1982.00 812.00 2.00
861.00 3156.00 2.00
1045.00 3447.00 2.00
3436.00 4287.00 2.00
2265.00 2336.00 2.00
3669.00 4284.00 2.00
606.00 3049.00 2.00
1976.00 740.00 2.00
2312.00 840.00 2.00
3831.00 3481.00 2.00
1737.00 1274.00 2.00
2662.00 2420.00 2.00
2039.00 1803.00 2.00
4290.00 687.00 2.00
4092.00 2405.00 2.00
2858.00 342.00 2.00
224.00 1982.00 2.00
3274.00 696.00 2.00
3991.00 4040.00 2.00
4284.00 4286.00 2.00
1161.00 667.00 2.00
740.00 4277.00 2.00
2411.00 2750.00 2.00
1549.00 4284.00 2.00
4231.00 3912.00 2.00
1922.00 1209.00 2.00
3766.00 3314.00 2.00
20.00 1990.00 2.00
3632.00 4431.00 2.00
2374.00 757.00 2.00
3044.00 2268.00 2.00
2023.00 3271.00 2.00
4340.00 2654.00 2.00
314.00 4028.00 2.00
1060.00 2769.00 2.00
1848.00 1610.00 2.00
2565.00 1922.00 2.00
308.00 3397.00 2.00
4275.00 2649.00 2.00
2932.00 3720.00 2.00
90.00 993.00 2.00
1592.00 2762.00 2.00
3531.00 698.00 2.00
1865.00 3136.00 2.00
1896.00 1283.00 2.00
861.00 2650.00 2.00
1822.00 1892.00 2.00
2133.00 1818.00 2.00
368.00 3311.00 2.00
3282.00 255.00 2.00
1214.00 2621.00 2.00
1153.00 3780.00 2.00
1825.00 1991.00 2.00
4502.00 2974.00 2.00
2240.00 1267.00 2.00
4284.00 785.00 2.00
1180.00 4568.00 2.00
1896.00 3775.00 2.00
987.00 355.00 2.00
3862.00 2153.00 2.00
2848.00 1805.00 2.00
2555.00 2323.00 2.00
1775.00 270.00 2.00
1509.00 4280.00 2.00
2111.00 742.00 2.00
3064.00 2860.00 2.00
1631.00 3607.00 2.00
2821.00 1536.00 2.00
2709.00 23.00 2.00
1854.00 3978.00 2.00
3533.00 2747.00 2.00
1606.00 2848.00 2.00
584.00 705.00 2.00
955.00 3668.00 2.00
295.00 2522.00 2.00
3433.00 654.00 2.00
1576.00 2435.00 2.00
2354.00 4209.00 2.00
1966.00 3988.00 2.00
4250.00 719.00 2.00
2358.00 2435.00 2.00
714.00 1340.00 2.00
3030.00 3040.00 2.00
1644.00 1130.00 2.00
195.00 1571.00 2.00
4042.00 1439.00 2.00
3064.00 800.00 2.00
2968.00 117.00 2.00
4328.00 2156.00 2.00
2343.00 2468.00 2.00
2804.00 4322.00 2.00
289.00 4375.00 2.00
2710.00 3930.00 2.00
660.00 4285.00 2.00
1823.00 1919.00 2.00
1.00 3735.00 2.00
2338.00 1386.00 2.00
2513.00 3906.00 2.00
3318.00 3972.00 2.00
3360.00 1389.00 2.00
634.00 1086.00 2.00
1367.00 3533.00 2.00
1917.00 356.00 2.00
1374.00 2039.00 2.00
2562.00 3681.00 2.00
734.00 409.00 2.00
586.00 1266.00 2.00
2358.00 218.00 2.00
2674.00 752.00 2.00
2925.00 2488.00 2.00
3199.00 517.00 2.00
1618.00 396.00 2.00
361.00 2850.00 2.00
1291.00 4347.00 2.00
2458.00 166.00 2.00
1897.00 3404.00 2.00
3907.00 1939.00 2.00
654.00 699.00 2.00
3703.00 2271.00 2.00
325.00 3905.00 2.00
891.00 2929.00 2.00
1857.00 305.00 2.00
4474.00 4549.00 2.00
2846.00 4416.00 2.00
3010.00 2450.00 2.00
3079.00 785.00 2.00
3797.00 2631.00 2.00
2239.00 2620.00 2.00
416.00 2552.00 2.00
3618.00 291.00 2.00
2979.00 3468.00 2.00
2562.00 3701.00 2.00
330.00 2647.00 2.00
3284.00 3053.00 2.00
133.00 2568.00 2.00
2353.00 3826.00 2.00
1130.00 2924.00 2.00
430.00 1308.00 2.00
2725.00 2160.00 2.00
3427.00 4468.00 2.00
654.00 4402.00 2.00
1509.00 2550.00 2.00
3120.00 2559.00 2.00
2270.00 2321.00 2.00
1369.00 3293.00 2.00
348.00 975.00 2.00
300.00 2684.00 2.00
3028.00 1691.00 2.00
3375.00 3108.00 2.00
3382.00 696.00 2.00
724.00 1267.00 2.00
1371.00 3871.00 2.00
2025.00 2450.00 2.00
343.00 715.00 2.00
4241.00 1990.00 2.00
3992.00 39.00 2.00
2813.00 2923.00 2.00
1229.00 1181.00 2.00
1829.00 4273.00 2.00
1811.00 544.00 2.00
997.00 5.00 2.00
996.00 637.00 2.00
3871.00 3279.00 2.00
1831.00 42.00 2.00
680.00 719.00 2.00
331.00 564.00 2.00
1541.00 2517.00 2.00
2519.00 167.00 2.00
2778.00 37.00 2.00
3973.00 687.00 2.00
719.00 2887.00 2.00
1365.00 4313.00 2.00
4488.00 2538.00 3.00
2891.00 1530.00 3.00
3180.00 2428.00 3.00
4158.00 1918.00 3.00
653.00 379.00 3.00
2983.00 2141.00 3.00
3866.00 1479.00 3.00
4236.00 1946.00 3.00
715.00 3859.00 3.00
801.00 2537.00 3.00
2605.00 1735.00 3.00
3527.00 3466.00 3.00
225.00 2070.00 3.00
1474.00 1106.00 3.00
1713.00 254.00 3.00
1799.00 3482.00 3.00
643.00 3678.00 3.00
1917.00 3701.00 3.00
2080.00 981.00 3.00
3393.00 3216.00 3.00
3838.00 1500.00 3.00
3160.00 2139.00 3.00
2479.00 1005.00 3.00
1348.00 3932.00 3.00
3709.00 2294.00 3.00
2472.00 2316.00 3.00
2056.00 3959.00 3.00
3968.00 2370.00 3.00
888.00 1866.00 3.00
2957.00 1006.00 3.00
2361.00 335.00 3.00
2560.00 3103.00 3.00
2690.00 4469.00 3.00
4136.00 2356.00 3.00
3185.00 2887.00 3.00
3482.00 825.00 3.00
200.00 204.00 3.00
2450.00 2147.00 3.00
3444.00 745.00 3.00
1459.00 4226.00 3.00
1010.00 812.00 3.00
399.00 836.00 3.00
2563.00 580.00 3.00
528.00 3713.00 3.00
335.00 22.00 3.00
352.00 756.00 3.00
1248.00 1858.00 3.00
1570.00 921.00 3.00
3668.00 1950.00 3.00
3526.00 1871.00 3.00
2562.00 1122.00 3.00
158.00 3679.00 3.00
2361.00 2953.00 3.00
1829.00 2508.00 3.00
1373.00 1607.00 3.00
3097.00 1392.00 3.00
360.00 1975.00 3.00
413.00 3804.00 3.00
63.00 1981.00 3.00
1455.00 1697.00 3.00
602.00 3822.00 3.00
2468.00 768.00 3.00
552.00 2536.00 3.00
1127.00 343.00 3.00
1854.00 2590.00 3.00
4371.00 1454.00 3.00
3265.00 1372.00 3.00
3873.00 3073.00 3.00
4197.00 2260.00 3.00
654.00 3770.00 3.00
2566.00 3701.00 3.00
3279.00 3452.00 3.00
357.00 2271.00 3.00
785.00 3360.00 3.00
3781.00 2779.00 3.00
3700.00 1292.00 3.00
2358.00 4427.00 3.00
1349.00 361.00 3.00
2255.00 1125.00 3.00
3283.00 889.00 3.00
568.00 378.00 3.00
3773.00 3716.00 3.00
3439.00 82.00 3.00
2141.00 1307.00 3.00
1002.00 1589.00 3.00
363.00 220.00 3.00
3039.00 2679.00 3.00
688.00 3108.00 3.00
4237.00 1373.00 3.00
3790.00 4474.00 3.00
3062.00 532.00 3.00
1359.00 2921.00 3.00
227.00 2124.00 3.00
3613.00 3018.00 3.00
199.00 3952.00 3.00
3363.00 4123.00 3.00
2968.00 533.00 3.00
3436.00 412.00 3.00
1632.00 4287.00 3.00
3292.00 1475.00 3.00
925.00 1212.00 3.00
4371.00 2276.00 3.00
2009.00 4359.00 3.00
1004.00 2553.00 3.00
3685.00 1947.00 3.00
3791.00 2440.00 3.00
2071.00 251.00 3.00
3523.00 2038.00 3.00
376.00 2420.00 3.00
1550.00 697.00 3.00
3052.00 4502.00 3.00
135.00 566.00 3.00
2234.00 3528.00 3.00
1886.00 4182.00 3.00
3696.00 2618.00 3.00
3766.00 4235.00 3.00
1973.00 1716.00 3.00
3490.00 1846.00 3.00
408.00 1633.00 3.00
704.00 1901.00 3.00
805.00 1982.00 3.00
2495.00 2547.00 3.00
4191.00 3628.00 3.00
1799.00 2353.00 3.00
688.00 1471.00 3.00
3074.00 36.00 3.00
2224.00 612.00 3.00
3525.00 2670.00 3.00
223.00 564.00 3.00
1115.00 3875.00 3.00
1545.00 301.00 3.00
2176.00 304.00 3.00
2212.00 978.00 3.00
4545.00 1545.00 3.00
959.00 1371.00 3.00
3129.00 4285.00 3.00
723.00 1177.00 3.00
354.00 898.00 3.00
2592.00 2703.00 3.00
1502.00 4286.00 3.00
2376.00 1456.00 3.00
4379.00 2888.00 3.00
362.00 2066.00 3.00
3697.00 2674.00 3.00
1366.00 996.00 3.00
2360.00 1341.00 3.00
805.00 2677.00 3.00
68.00 2665.00 3.00
3673.00 1268.00 3.00
1583.00 4284.00 3.00
2622.00 869.00 3.00
1035.00 3129.00 3.00
1258.00 2075.00 3.00
3440.00 2522.00 3.00
1986.00 1831.00 3.00
3363.00 2892.00 3.00
3690.00 899.00 3.00
1675.00 2519.00 3.00
687.00 589.00 3.00
1286.00 312.00 3.00
2038.00 730.00 3.00
2337.00 3724.00 3.00
721.00 404.00 3.00
3090.00 884.00 3.00
691.00 410.00 3.00
1381.00 3439.00 3.00
2548.00 709.00 3.00
359.00 2110.00 3.00
4504.00 2129.00 3.00
361.00 2680.00 3.00
2470.00 696.00 3.00
3856.00 2302.00 3.00
1282.00 3602.00 3.00
2655.00 1614.00 3.00
1015.00 693.00 3.00
2579.00 4451.00 3.00
2280.00 2593.00 3.00
690.00 4505.00 3.00
2430.00 984.00 3.00
3275.00 91.00 3.00
3534.00 2408.00 3.00
2473.00 905.00 3.00
2808.00 2070.00 3.00
3677.00 2907.00 3.00
4443.00 56.00 3.00
79.00 2804.00 3.00
2023.00 1430.00 3.00
2411.00 1051.00 3.00
892.00 4284.00 3.00
1814.00 4370.00 3.00
1560.00 2535.00 3.00
1975.00 1734.00 3.00
3733.00 869.00 3.00
1087.00 3178.00 3.00
4342.00 3872.00 3.00
2358.00 2163.00 3.00
1616.00 926.00 3.00
3826.00 2090.00 3.00
2564.00 410.00 3.00
2561.00 3938.00 3.00
1247.00 1390.00 3.00
2356.00 3675.00 3.00
98.00 931.00 3.00
1692.00 354.00 3.00
1806.00 1122.00 3.00
4504.00 1620.00 3.00
333.00 1922.00 3.00
1538.00 2957.00 3.00
1472.00 1145.00 3.00
1891.00 3686.00 3.00
4346.00 334.00 3.00
3830.00 343.00 3.00
1595.00 694.00 3.00
4218.00 1340.00 3.00
3452.00 3621.00 3.00
3805.00 1912.00 3.00
1762.00 2176.00 3.00
2298.00 2374.00 3.00
767.00 4282.00 3.00
1630.00 1197.00 4.00
2239.00 696.00 4.00
832.00 2669.00 4.00
397.00 3925.00 4.00
3627.00 863.00 4.00
2887.00 1988.00 4.00
1311.00 3381.00 4.00
2838.00 3112.00 4.00
2498.00 3549.00 4.00
881.00 2338.00 4.00
1678.00 2312.00 4.00
1007.00 4307.00 4.00
3712.00 1587.00 4.00
2821.00 1450.00 4.00
3111.00 1387.00 4.00
755.00 360.00 4.00
3893.00 3970.00 4.00
4280.00 2012.00 4.00
3253.00 709.00 4.00
4281.00 2429.00 4.00
1536.00 3180.00 4.00
2110.00 2317.00 4.00
2472.00 135.00 4.00
2151.00 3163.00 4.00
3181.00 354.00 4.00
1661.00 2623.00 4.00
2028.00 645.00 4.00
387.00 2029.00 4.00
4461.00 3871.00 4.00
2345.00 2683.00 4.00
3384.00 722.00 4.00
641.00 1135.00 4.00
2493.00 1617.00 4.00
2564.00 1152.00 4.00
2808.00 1032.00 4.00
2969.00 1679.00 4.00
3686.00 1266.00 4.00
1314.00 1727.00 4.00
3328.00 1266.00 4.00
576.00 4318.00 4.00
958.00 3075.00 4.00
2458.00 2376.00 4.00
3930.00 709.00 4.00
1456.00 790.00 4.00
2620.00 3558.00 4.00
692.00 2243.00 4.00
2702.00 1611.00 4.00
2708.00 1278.00 4.00
241.00 696.00 4.00
629.00 3100.00 4.00
1738.00 2805.00 4.00
3801.00 2262.00 4.00
3448.00 2255.00 4.00
61.00 1592.00 4.00
2900.00 2223.00 4.00
3876.00 861.00 4.00
338.00 3939.00 4.00
2370.00 3109.00 4.00
690.00 4396.00 4.00
898.00 1681.00 4.00
4568.00 2683.00 4.00
1250.00 1546.00 4.00
1615.00 2021.00 4.00
41.00 2536.00 4.00
3281.00 554.00 4.00
335.00 3682.00 4.00
1184.00 700.00 4.00
1268.00 404.00 4.00
2617.00 2264.00 4.00
3710.00 896.00 4.00
4275.00 2539.00 4.00
4250.00 3076.00 4.00
2546.00 3187.00 4.00
4272.00 4377.00 4.00
4004.00 2220.00 4.00
736.00 2386.00 4.00
577.00 1988.00 4.00
4161.00 1556.00 4.00
700.00 3211.00 4.00
1590.00 764.00 4.00
1267.00 1948.00 4.00
658.00 4275.00 4.00
1148.00 2088.00 4.00
2569.00 1402.00 4.00
4223.00 1373.00 4.00
3377.00 357.00 4.00
184.00 846.00 4.00
692.00 2681.00 4.00
343.00 3820.00 4.00
1228.00 543.00 4.00
763.00 2430.00 4.00
409.00 1761.00 4.00
943.00 3371.00 4.00
336.00 2978.00 4.00
4437.00 1340.00 4.00
3812.00 1345.00 4.00
1529.00 336.00 4.00
3940.00 2111.00 4.00
2908.00 3957.00 4.00
1881.00 914.00 4.00
3319.00 3112.00 4.00
2576.00 4176.00 4.00
1882.00 2360.00 4.00
2417.00 538.00 4.00
4506.00 1352.00 4.00
1184.00 1714.00 4.00
3667.00 1945.00 4.00
2360.00 4160.00 4.00
1015.00 2665.00 4.00
772.00 3454.00 4.00
2965.00 1842.00 4.00
3294.00 3576.00 4.00
363.00 962.00 4.00
3622.00 811.00 4.00
3669.00 3431.00 4.00
3610.00 3053.00 4.00
544.00 1154.00 4.00
3965.00 1855.00 4.00
2591.00 129.00 4.00
1619.00 2795.00 4.00
1950.00 1914.00 4.00
618.00 1179.00 4.00
3304.00 2346.00 4.00
693.00 3534.00 4.00
340.00 4299.00 4.00
3779.00 1037.00 4.00
2562.00 4373.00 4.00
2346.00 25.00 4.00
1799.00 820.00 4.00
2396.00 412.00 4.00
1953.00 2596.00 4.00
2887.00 709.00 4.00
1033.00 1503.00 4.00
1239.00 1386.00 4.00
3667.00 201.00 4.00
2415.00 1899.00 4.00
428.00 2107.00 4.00
582.00 3432.00 4.00
4288.00 3137.00 4.00
654.00 2039.00 4.00
3974.00 4155.00 4.00
721.00 710.00 4.00
3668.00 4251.00 4.00
4284.00 2567.00 4.00
3925.00 2037.00 4.00
2179.00 4569.00 4.00
2437.00 708.00 4.00
1291.00 699.00 4.00
4169.00 4504.00 4.00
1149.00 1114.00 4.00
216.00 2552.00 4.00
952.00 335.00 4.00
1988.00 2565.00 4.00
963.00 2621.00 4.00
363.00 3451.00 4.00
3860.00 384.00 4.00
2611.00 3373.00 4.00
2567.00 1283.00 4.00
4426.00 2557.00 4.00
2479.00 1898.00 4.00
1702.00 1699.00 4.00
31.00 2626.00 4.00
2669.00 1681.00 4.00
3453.00 1740.00 4.00
375.00 1591.00 4.00
2670.00 3112.00 4.00
2611.00 3433.00 4.00
908.00 2739.00 4.00
3758.00 3355.00 4.00
1608.00 2741.00 4.00
3112.00 296.00 4.00
2497.00 1373.00 4.00
2892.00 2255.00 4.00
2328.00 609.00 4.00
715.00 2336.00 4.00
654.00 33.00 4.00
4100.00 2240.00 4.00
581.00 253.00 4.00
959.00 2027.00 4.00
1522.00 3609.00 4.00
3293.00 719.00 4.00
2780.00 821.00 4.00
3142.00 1717.00 4.00
453.00 4401.00 4.00
1892.00 900.00 4.00
1542.00 358.00 4.00
1895.00 2857.00 4.00
1973.00 1379.00 4.00
3588.00 1246.00 4.00
3516.00 3365.00 4.00
1267.00 1844.00 4.00
2346.00 2741.00 4.00
347.00 226.00 4.00
1693.00 3454.00 4.00
3450.00 718.00 4.00
1858.00 2269.00 4.00
2336.00 1536.00 4.00
3693.00 3793.00 4.00
2560.00 4002.00 4.00
3574.00 3446.00 4.00
4425.00 358.00 4.00
846.00 2006.00 4.00
2374.00 3602.00 4.00
3701.00 3791.00 4.00
4393.00 4234.00 4.00
1619.00 2304.00 4.00
626.00 1384.00 4.00
3673.00 330.00 4.00
3920.00 4021.00 4.00
397.00 3111.00 4.00
4252.00 3170.00 4.00
3671.00 353.00 4.00
4166.00 534.00 4.00
4504.00 3310.00 4.00
579.00 3699.00 4.00
639.00 251.00 4.00
1066.00 3083.00 4.00
2740.00 1287.00 4.00
4250.00 2346.00 4.00
2442.00 2847.00 4.00
3245.00 1828.00 4.00
2075.00 3929.00 4.00
2519.00 1950.00 4.00
3691.00 1987.00 4.00
1466.00 3458.00 4.00
891.00 3589.00 4.00
1811.00 3160.00 4.00
347.00 1985.00 4.00
3075.00 1991.00 4.00
4276.00 3876.00 4.00
251.00 2477.00 4.00
883.00 2606.00 4.00
1462.00 2623.00 4.00
2773.00 2266.00 4.00
1015.00 695.00 4.00
3429.00 3952.00 4.00
1710.00 3929.00 4.00
2628.00 2797.00 4.00
709.00 577.00 4.00
1920.00 3618.00 5.00
2469.00 530.00 5.00
2983.00 4488.00 5.00
696.00 1983.00 5.00
960.00 3449.00 5.00
1743.00 3231.00 5.00
2568.00 4368.00 5.00
1735.00 88.00 5.00
1361.00 249.00 5.00
1167.00 907.00 5.00
2231.00 565.00 5.00
2708.00 2960.00 5.00
3129.00 884.00 5.00
158.00 1663.00 5.00
2558.00 2961.00 5.00
3284.00 394.00 5.00
135.00 4120.00 5.00
1862.00 2368.00 5.00
1882.00 4283.00 5.00
4174.00 2911.00 5.00
2461.00 2560.00 5.00
2003.00 2444.00 5.00
1397.00 3598.00 5.00
2576.00 2578.00 5.00
1792.00 3722.00 5.00
1982.00 1503.00 5.00
4427.00 3430.00 5.00
694.00 2494.00 5.00
114.00 762.00 5.00
2687.00 461.00 5.00
1515.00 2343.00 5.00
3828.00 1203.00 5.00
3863.00 1842.00 5.00
1379.00 2567.00 5.00
1803.00 1411.00 5.00
689.00 3071.00 5.00
3112.00 75.00 5.00
4370.00 2137.00 5.00
4104.00 2701.00 5.00
100.00 2659.00 5.00
2477.00 2627.00 5.00
2544.00 709.00 5.00
1381.00 2816.00 5.00
4277.00 3967.00 5.00
3267.00 36.00 5.00
1590.00 3434.00 5.00
4259.00 626.00 5.00
1179.00 426.00 5.00
1038.00 3094.00 5.00
1412.00 1318.00 5.00
1727.00 4194.00 5.00
1407.00 319.00 5.00
378.00 3133.00 5.00
954.00 4495.00 5.00
406.00 1257.00 5.00
3377.00 3599.00 5.00
1978.00 4354.00 5.00
2476.00 2409.00 5.00
4087.00 3826.00 5.00
3304.00 2416.00 5.00
405.00 274.00 5.00
601.00 2193.00 5.00
4099.00 1969.00 5.00
630.00 1724.00 5.00
1712.00 3714.00 5.00
2573.00 1260.00 5.00
1887.00 3287.00 5.00
2549.00 4342.00 5.00
4234.00 2563.00 5.00
392.00 3919.00 5.00
3682.00 21.00 5.00
395.00 2635.00 5.00
186.00 170.00 5.00
20.00 3384.00 5.00
280.00 1034.00 5.00
993.00 3787.00 5.00
284.00 1251.00 5.00
1606.00 2267.00 5.00
709.00 2430.00 5.00
1821.00 2481.00 5.00
1711.00 2171.00 5.00
815.00 1394.00 5.00
3355.00 922.00 5.00
1036.00 3435.00 5.00
4429.00 1806.00 5.00
658.00 2556.00 5.00
2173.00 2532.00 5.00
3745.00 1845.00 5.00
1693.00 2359.00 5.00
3253.00 2563.00 5.00
3052.00 344.00 5.00
1010.00 4043.00 5.00
2666.00 1240.00 5.00
4453.00 2784.00 5.00
528.00 2687.00 5.00
2088.00 818.00 5.00
2897.00 2628.00 5.00
2091.00 3039.00 5.00
1539.00 302.00 5.00
2317.00 860.00 5.00
2521.00 3672.00 5.00
703.00 351.00 5.00
763.00 2416.00 5.00
1379.00 708.00 5.00
1572.00 4275.00 5.00
1202.00 4057.00 5.00
431.00 3177.00 5.00
3425.00 716.00 5.00
1577.00 2318.00 5.00
532.00 2695.00 5.00
310.00 2262.00 5.00
1830.00 16.00 5.00
4319.00 339.00 5.00
150.00 321.00 5.00
747.00 4207.00 5.00
1033.00 2560.00 5.00
537.00 4236.00 5.00
3834.00 2013.00 5.00
1979.00 361.00 5.00
3630.00 1287.00 5.00
2311.00 1612.00 5.00
2004.00 4334.00 5.00
344.00 631.00 5.00
329.00 3709.00 5.00
3035.00 4552.00 5.00
91.00 1552.00 5.00
4209.00 4426.00 5.00
4295.00 3819.00 5.00
1609.00 659.00 5.00
2929.00 331.00 5.00
4119.00 2394.00 5.00
297.00 1590.00 5.00
4146.00 3820.00 5.00
2677.00 900.00 5.00
2927.00 1747.00 5.00
66.00 772.00 5.00
404.00 4443.00 5.00
2800.00 1420.00 5.00
3671.00 2661.00 5.00
3381.00 125.00 5.00
3160.00 1882.00 5.00
2675.00 3607.00 5.00
1892.00 3937.00 5.00
1956.00 3638.00 5.00
2275.00 3868.00 5.00
2932.00 3177.00 5.00
3696.00 2678.00 5.00
1377.00 339.00 5.00
2647.00 4095.00 5.00
3570.00 2746.00 5.00
2303.00 3448.00 5.00
1226.00 2833.00 5.00
3142.00 355.00 5.00
2371.00 3621.00 5.00
2668.00 1317.00 5.00
4395.00 2756.00 5.00
1178.00 702.00 5.00
660.00 2667.00 5.00
787.00 221.00 5.00
3802.00 3115.00 5.00
2361.00 3315.00 5.00
1017.00 3671.00 5.00
866.00 1950.00 5.00
965.00 3074.00 5.00
4565.00 3314.00 5.00
2777.00 3389.00 5.00
3382.00 1614.00 5.00
1989.00 1168.00 5.00
3915.00 279.00 5.00
1707.00 4281.00 5.00
1158.00 2435.00 5.00
1887.00 908.00 5.00
3671.00 2666.00 5.00
419.00 2414.00 5.00
1133.00 554.00 5.00
428.00 3940.00 5.00
1606.00 4326.00 5.00
1267.00 2344.00 5.00
957.00 363.00 5.00
1642.00 614.00 5.00
399.00 2264.00 5.00
4278.00 1921.00 5.00
22.00 4251.00 5.00
3789.00 3787.00 5.00
3841.00 2979.00 5.00
3247.00 292.00 5.00
1228.00 4369.00 5.00
2560.00 2674.00 5.00
4264.00 695.00 5.00
1976.00 1257.00 5.00
1803.00 3676.00 5.00
2465.00 2124.00 5.00
882.00 3931.00 5.00
2807.00 2497.00 5.00
166.00 305.00 5.00
3163.00 2806.00 5.00
3103.00 1889.00 5.00
988.00 2156.00 5.00
1822.00 4285.00 5.00
3929.00 4571.00 5.00
1584.00 2063.00 5.00
3107.00 2370.00 5.00
622.00 1611.00 5.00
2597.00 3997.00 5.00
801.00 763.00 5.00
294.00 2399.00 5.00
307.00 3640.00 5.00
3581.00 1413.00 5.00
144.00 3614.00 5.00
1288.00 1901.00 5.00
1192.00 4532.00 5.00
1316.00 281.00 5.00
2074.00 993.00 5.00
2518.00 3800.00 5.00
717.00 3761.00 5.00
1240.00 680.00 5.00
2538.00 3286.00 5.00
3378.00 1147.00 5.00
341.00 543.00 5.00
4480.00 1529.00 5.00
2536.00 1988.00 5.00
3674.00 2086.00 5.00
2971.00 2081.00 6.00
42.00 2377.00 6.00
2969.00 4295.00 6.00
2870.00 1923.00 6.00
3680.00 217.00 6.00
2897.00 2052.00 6.00
2041.00 3439.00 6.00
3052.00 2956.00 6.00
397.00 227.00 6.00
221.00 1982.00 6.00
4256.00 4182.00 6.00
3383.00 295.00 6.00
4209.00 857.00 6.00
2560.00 2560.00 6.00
4188.00 1679.00 6.00
3523.00 1986.00 6.00
1735.00 691.00 6.00
299.00 847.00 6.00
390.00 1282.00 6.00
3650.00 1388.00 6.00
1355.00 124.00 6.00
106.00 2955.00 6.00
103.00 3291.00 6.00
303.00 2248.00 6.00
1393.00 274.00 6.00
2807.00 2437.00 6.00
787.00 1478.00 6.00
1909.00 1921.00 6.00
3266.00 1545.00 6.00
722.00 393.00 6.00
1366.00 3425.00 6.00
403.00 2242.00 6.00
3065.00 693.00 6.00
1319.00 2259.00 6.00
3159.00 1496.00 6.00
2409.00 1138.00 6.00
4324.00 2361.00 6.00
3169.00 2846.00 6.00